87 77
86 77
85 77
85 78
84 78
84 79
84 80
83 80
83 81
82 81
82 82
81 82
81 83
80 83
80 84
79 84
79 85
78 85
78 86
77 86
77 87
76 87
76 88
75 88
75 89
74 89
74 90
73 90
73 91
72 91
72 92
72 93
71 93
71 94
70 94
70 95
70 96
69 96
69 97
69 98
69 99
68 99
68 98
67 98
67 97
66 96
65 96
65 95
64 95
63 95
62 95
61 95
60 95
60 94
59 94
58 94
57 94
56 94
55 94
55 93
54 93
53 93
52 93
52 92
51 92
50 92
49 92
49 91
48 91
47 91
47 90
46 90
45 90
44 90
43 89
42 89
42 88
41 88
40 88
40 87
39 87
38 87
38 86
37 86
36 86
36 85
35 85
35 84
34 84
33 84
32 84
31 84
30 84
29 84
28 84
28 83
27 83
27 82
26 82
25 82
24 82
23 82
22 82
21 82
21 83
20 83
19 83
18 82
17 82
16 82
16 81
16 80
17 80
18 80
18 79
19 79
19 78
20 78
21 78
22 78
23 78
23 77
24 77
25 77
26 77
27 77
28 77
29 77
30 77
31 77
31 78
32 78
33 78
33 79
34 79
35 79
36 79
36 80
37 80
38 80
39 80
39 81
38 81
37 81
36 81
35 80
34 80
33 80
32 80
32 79
31 79
30 79
29 79
28 79
27 79
27 78
26 78
25 78
28 78
29 78
30 78
24 78
24 79
23 79
22 79
21 79
21 80
20 80
19 80
22 80
23 80
25 79
26 79
30 80
31 80
29 80
28 80
20 79
18 81
17 81
19 81
20 81
21 81
22 81
23 81
24 81
25 81
26 81
27 81
28 81
29 81
30 81
31 81
32 81
27 80
26 80
25 80
24 80
20 82
19 82
28 82
29 82
30 82
31 82
32 82
33 82
34 82
35 82
36 82
35 81
34 81
33 81
37 82
38 82
39 82
39 83
38 83
30 83
29 83
31 83
32 83
33 83
34 83
35 83
36 83
37 83
36 84
37 84
38 84
39 84
40 84
41 84
40 83
41 83
41 82
40 82
40 81
40 80
41 80
41 79
41 78
42 78
42 77
43 77
43 76
44 76
45 75
46 75
47 75
48 75
49 75
50 76
51 76
51 77
52 77
51 75
52 75
53 75
54 75
55 75
56 75
57 75
58 75
59 75
60 75
61 75
62 76
63 76
64 76
65 76
66 76
67 77
68 77
69 77
70 77
70 78
71 78
72 78
72 77
73 77
74 77
74 76
75 76
76 76
86 76
86 75
86 74
85 74
85 73
85 72
84 72
84 71
84 70
83 70
83 69
83 68
83 67
83 66
82 66
82 65
82 64
81 64
81 63
80 63
80 62
79 62
79 61
78 61
78 60
77 60
77 59
76 59
76 58
75 58
75 57
75 56
74 55
74 54
73 54
72 54
72 53
71 53
71 52
70 52
70 51
69 51
68 51
68 50
67 50
66 50
65 50
65 51
64 51
63 51
62 52
61 52
61 51
60 51
60 50
59 50
58 50
58 49
57 49
56 49
56 50
56 51
55 51
54 51
53 51
52 51
52 50
51 50
50 50
49 50
49 51
48 51
48 52
48 53
48 54
47 54
47 55
46 55
46 56
45 56
45 57
45 58
45 59
44 59
44 60
43 60
43 61
43 62
43 63
43 64
43 65
44 66
45 67
46 67
47 67
48 68
49 68
50 69
51 69
53 70
54 70
55 71
57 71
58 71
59 71
60 71
62 72
63 72
65 72
66 71
67 71
68 71
69 70
70 70
71 69
72 68
73 68
74 67
75 67
76 67
77 67
77 68
78 68
78 69
78 70
78 72
78 73
78 74
77 75
77 76
75 77
74 78
73 79
72 79
71 79
69 80
68 81
67 81
66 81
64 82
63 82
62 82
60 82
59 82
59 83
57 83
56 82
55 82
54 81
54 80
53 80
53 79
52 78
51 73
50 73
50 72
50 71
50 70
50 68
50 67
49 67
48 66
47 66
23 34
22 34
21 34
20 34
20 35
20 36
20 37
21 36
21 35
22 35
23 35
22 36
21 37
20 38
21 38
22 37
23 36
24 36
23 37
22 38
21 39
22 39
23 38
24 37
24 38
20 39
21 40
22 40
23 39
24 39
25 38
25 37
25 36
24 35
26 37
26 38
26 39
27 39
27 40
27 41
28 41
28 42
29 42
29 43
29 44
29 45
30 45
30 46
31 46
31 47
32 47
32 48
33 48
33 49
33 50
34 50
34 51
35 51
35 52
35 53
36 53
36 54
37 54
37 55
38 55
38 56
38 57
39 57
39 58
40 58
40 59
41 59
42 59
43 59
21 41
22 41
22 42
22 43
23 43
23 44
24 44
24 45
24 46
25 46
25 47
25 48
26 48
26 49
26 50
27 50
27 51
27 52
28 52
28 53
28 54
29 54
29 55
30 55
30 56
30 57
30 58
31 58
31 59
31 60
32 61
32 62
32 63
32 64
33 64
33 65
33 66
33 67
34 67
34 68
35 68
35 69
35 70
36 70
36 71
36 72
37 72
37 73
38 73
38 74
38 75
39 75
39 76
40 76
40 77
40 78
40 79
24 40
23 40
25 39
25 40
24 41
24 42
23 42
23 41
25 41
26 40
26 41
25 42
25 43
24 43
26 42
27 42
27 43
27 44
26 44
25 44
26 43
25 45
27 45
28 43
28 44
28 45
27 46
26 46
26 45
26 47
27 47
28 46
29 46
28 47
27 48
28 48
29 47
27 49
28 49
29 48
30 48
30 47
31 48
30 49
29 49
29 50
28 50
28 51
31 49
32 49
32 50
31 50
31 51
30 51
30 52
29 52
29 51
30 50
30 53
30 54
29 53
31 52
32 51
33 51
32 52
32 53
31 53
31 54
33 52
34 52
34 53
33 53
33 54
32 54
31 55
32 55
34 54
34 55
35 55
35 54
33 55
32 56
31 56
31 57
32 57
33 56
34 56
36 55
36 56
35 56
37 56
37 57
36 57
35 57
34 57
33 57
33 58
32 58
32 59
34 58
35 58
36 58
37 58
38 58
38 59
39 59
37 59
36 59
35 59
34 59
33 59
33 60
32 60
34 60
35 60
40 60
41 60
42 60
39 60
38 60
37 60
37 61
36 61
35 61
36 60
34 61
33 61
33 62
33 63
34 64
34 63
34 62
35 62
35 63
36 62
37 62
37 63
36 63
38 62
38 61
39 61
40 61
41 61
39 62
40 62
42 61
42 62
41 62
40 63
39 63
38 63
41 63
42 63
41 64
40 64
39 64
42 64
40 65
39 65
41 65
42 65
38 64
36 64
35 64
34 65
35 65
36 65
37 65
38 65
37 64
34 66
35 66
36 66
37 66
38 66
39 66
40 66
41 66
42 67
43 67
44 67
41 67
42 66
43 66
40 67
39 67
38 67
37 67
36 67
35 67
36 68
37 68
38 68
38 69
39 69
40 69
41 69
42 69
43 69
44 69
44 70
45 70
46 70
47 70
46 69
45 69
41 68
40 68
42 68
43 68
44 68
47 69
39 68
45 68
46 68
47 68
48 69
48 70
48 71
47 71
49 70
49 69
49 71
48 72
48 73
48 74
49 74
49 73
49 72
50 74
47 73
47 72
47 74
46 74
46 73
46 72
46 71
45 73
45 72
45 71
44 71
44 72
44 73
44 74
44 75
45 74
46 76
45 76
43 71
43 72
43 73
43 70
43 74
43 75
42 76
42 75
42 74
42 73
42 72
42 71
42 70
41 76
41 77
41 75
41 74
41 73
41 72
41 71
41 70
40 74
40 73
40 72
40 71
40 70
40 75
39 74
39 73
38 72
37 71
36 69
37 69
38 70
39 70
39 71
38 71
37 70
39 72
45 77
45 78
46 79
46 80
46 81
46 82
45 82
44 82
44 83
43 83
42 83
42 82
42 81
42 80
43 80
43 79
44 79
44 78
43 81
44 80
43 78
42 79
44 77
41 81
45 80
45 81
44 81
45 79
46 78
43 82
38 85
37 85
39 85
39 86
40 86
41 86
40 85
41 85
41 87
42 87
43 88
44 88
44 89
45 89
46 89
47 89
48 89
49 88
50 88
51 87
52 86
52 85
52 84
53 84
53 83
54 83
55 83
56 83
58 83
60 83
61 83
61 82
62 81
44 61
45 60
46 59
46 58
46 57
47 57
47 56
48 55
49 53
49 52
50 52
51 52
51 51
50 51
51 53
52 53
52 52
53 52
54 52
55 52
56 52
54 53
57 52
57 51
58 51
57 50
58 52
59 52
60 52
59 51
60 53
61 53
62 53
63 53
63 52
64 52
65 52
66 52
67 51
66 51
67 52
68 52
68 53
69 53
70 53
69 52
70 54
71 54
71 55
72 55
73 56
73 55
73 57
74 57
74 56
74 58
74 59
74 60
75 60
75 59
76 60
77 61
77 62
78 62
79 63
80 64
81 65
81 66
81 67
82 67
82 68
82 69
82 70
82 71
82 72
83 72
83 71
83 73
84 73
84 74
84 75
85 75
85 76
84 76
84 77
83 77
83 78
83 79
82 79
82 80
81 81
80 82
79 83
78 84
77 85
76 86
75 87
74 88
73 89
72 89
72 90
71 90
71 91
71 92
70 92
70 93
69 93
69 94
69 95
68 96
68 97
67 96
66 95
65 94
64 94
63 93
62 93
61 93
60 93
60 92
59 92
58 92
57 92
56 92
55 92
54 92
54 91
53 91
52 91
52 90
51 90
50 90
49 90
49 89
47 88
46 88
45 88
45 87
44 87
43 87
43 86
42 86
42 85
42 84
43 84
44 84
45 84
44 85
43 85
45 83
46 83
47 82
48 81
49 80
50 80
50 79
51 79
51 78
50 78
49 78
48 78
48 77
49 76
50 75
49 77
47 77
47 76
48 76
47 78
46 77
50 77
48 79
47 79
47 80
48 80
49 79
47 81
44 86
45 86
46 86
46 85
45 85
46 84
47 84
47 83
48 83
49 82
49 81
50 81
51 80
48 82
48 84
47 85
49 84
49 83
50 83
51 82
50 82
51 81
52 81
52 80
53 81
52 82
48 85
52 83
53 82
55 81
54 82
51 83
49 85
48 86
49 86
50 85
51 84
51 85
50 86
49 87
48 87
47 87
47 86
46 87
50 84
51 86
48 88
50 87
48 90
50 91
51 91
53 92
56 93
57 93
58 93
59 93
61 94
62 94
63 94
66 94
67 94
67 95
68 95
68 94
66 93
65 93
64 93
63 92
62 92
61 92
59 91
58 91
58 90
57 90
56 90
55 89
54 89
53 89
52 89
51 89
50 89
53 90
54 90
55 91
56 91
57 91
55 90
53 88
52 88
52 87
51 88
54 88
55 88
56 88
57 88
57 89
58 89
59 89
59 90
60 90
61 90
61 91
62 91
63 91
64 91
64 92
65 92
66 92
67 92
67 93
68 93
56 89
60 91
53 87
53 86
54 86
54 85
53 85
55 86
55 87
54 87
55 84
54 84
55 85
56 85
56 86
56 87
57 87
58 87
59 86
60 86
61 86
60 87
59 87
58 86
57 86
57 85
58 84
59 84
57 84
62 83
63 83
61 84
60 84
60 85
62 84
64 83
66 82
67 82
69 82
70 81
70 82
68 82
67 83
65 84
64 84
63 85
62 85
62 86
65 85
66 84
68 83
69 83
72 82
73 82
71 83
68 84
67 85
64 86
63 86
62 87
61 87
66 85
68 85
69 84
70 84
67 86
65 87
64 88
63 88
65 88
66 87
67 87
69 86
70 86
71 86
72 85
73 85
70 87
69 87
68 88
67 88
69 88
71 87
72 87
70 88
68 89
67 89
69 89
71 88
70 89
72 86
73 84
73 83
74 83
74 82
75 82
75 81
76 81
77 80
78 79
78 78
79 78
79 77
79 76
79 75
78 75
77 74
76 73
75 72
74 72
72 71
71 71
67 69
66 68
64 67
63 66
62 66
61 66
60 66
59 66
58 65
57 65
56 65
55 64
54 64
53 63
52 63
51 62
52 62
53 61
54 61
55 60
56 60
58 60
59 60
61 59
63 59
63 60
64 60
65 60
66 61
66 62
66 63
66 64
65 65
64 66
63 67
62 68
61 69
59 70
56 71
54 72
53 72
52 72
53 71
55 69
58 68
59 67
61 65
63 64
68 62
69 61
70 61
71 62
71 63
71 64
70 64
69 66
68 67
65 69
63 70
61 70
60 70
58 70
57 70
57 69
63 65
65 64
67 64
68 64
69 64
69 65
68 65
67 66
66 66
65 67
62 67
61 67
60 67
59 65
60 65
60 64
61 63
62 62
63 62
64 62
65 61
65 63
64 64
58 66
57 67
55 67
54 67
53 67
52 67
52 66
53 66
53 65
54 65
57 63
58 63
59 63
58 64
57 64
56 64
55 65
54 66
52 65
56 62
57 61
60 59
61 58
62 58
61 60
60 60
59 61
58 62
55 63
53 64
52 64
51 64
54 63
55 62
56 61
62 59
57 62
56 63
59 64
61 64
62 65
61 68
60 69
55 72
53 73
52 73
67 67
67 68
67 70
63 74
59 76
58 77
56 78
54 79
52 79
55 78
57 77
60 76
63 75
64 74
65 74
65 75
61 77
59 78
58 79
56 80
54 77
55 77
57 76
64 75
61 76
60 77
58 78
56 79
55 79
60 78
63 77
65 77
68 76
69 76
70 76
67 76
66 75
68 74
69 74
70 73
71 73
72 73
71 74
70 74
69 75
67 75
73 73
72 74
70 75
66 77
64 78
63 78
65 78
71 76
68 78
66 78
64 79
63 80
61 80
60 81
59 81
58 81
57 81
58 80
60 79
61 78
74 70
73 71
69 71
64 71
62 70
59 69
59 68
58 67
57 66
62 64
63 63
56 66
55 66
51 63
52 61
50 63
49 63
49 64
48 64
48 63
48 62
49 61
49 60
50 60
50 59
51 59
51 58
52 58
53 58
54 57
55 57
55 58
56 58
58 59
59 59
62 61
63 61
65 62
67 65
66 72
66 73
62 78
59 80
53 69
62 63
64 63
70 66
71 66
72 67
73 69
73 70
73 72
72 72
68 75
55 76
54 76
53 74
54 71
55 70
56 69
70 65
71 65
70 67
69 68
68 69
66 69
63 69
62 69
60 68
57 68
56 68
55 68
57 72
56 72
58 72
59 72
60 72
59 73
58 73
57 73
56 73
55 73
54 73
62 71
63 71
65 71
64 72
62 73
61 73
59 74
58 74
56 74
57 74
60 73
55 74
54 74
63 73
65 73
62 74
60 74
56 76
58 76
67 78
57 82
58 82
63 81
65 81
66 80
68 80
70 80
70 79
67 80
65 80
64 80
61 81
62 80
65 79
67 79
68 79
69 79
71 80
72 80
73 80
74 81
72 84
71 85
70 85
68 87
66 88
66 89
73 87
74 87
74 86
75 86
75 85
76 85
76 84
77 84
77 83
78 82
78 81
79 80
80 79
80 78
81 78
81 77
82 77
82 76
83 76
83 75
82 75
83 74
82 73
81 73
82 74
81 70
81 69
81 68
81 71
80 71
80 72
80 73
80 74
80 75
80 76
80 77
82 78
81 79
81 76
81 74
81 75
80 80
80 81
81 72
81 80
79 82
78 83
79 81
77 82
78 80
77 81
76 83
75 83
74 84
74 85
75 84
76 82
73 81
74 80
75 79
76 79
76 78
77 78
77 77
78 77
79 79
73 88
70 91
70 90
71 89
72 88
69 91
69 92
68 92
68 91
67 91
69 90
66 91
65 91
66 90
67 90
68 90
65 90
65 89
64 89
63 89
64 90
63 90
62 90
62 89
61 89
60 89
61 88
62 88
60 88
59 88
58 88
65 86
66 86
68 86
64 87
63 87
69 85
73 86
71 84
72 83
71 82
75 80
77 79
76 80
78 76
76 77
75 78
74 79
72 81
71 81
66 83
64 85
70 83
67 84
63 84
58 85
59 85
61 85
56 84
56 81
57 80
55 80
56 77
57 79
57 78
59 79
60 80
61 79
62 79
63 79
64 81
65 82
65 83
69 81
66 79
69 78
73 78
71 77
72 76
73 76
73 75
74 75
72 75
71 75
75 75
76 75
75 74
74 74
73 74
76 74
74 73
75 73
77 73
79 74
79 73
79 72
79 71
80 70
78 71
79 70
80 69
80 68
80 67
80 66
80 65
79 64
78 64
78 63
77 63
76 62
76 61
75 61
73 58
72 57
72 56
71 56
70 55
69 54
68 54
67 53
66 53
65 53
64 53
60 54
59 54
58 54
57 54
56 54
55 54
55 53
53 53
50 53
49 54
48 56
47 58
47 59
44 62
44 63
44 64
44 65
45 66
48 67
52 69
54 69
52 68
53 68
51 68
54 68
52 70
51 71
51 70
52 71
51 72
51 74
52 74
52 76
53 76
54 78
53 78
53 77
64 73
59 77
62 77
64 77
61 74
62 75
61 71
61 72
58 69
56 70
56 67
63 68
64 68
64 69
65 68
64 70
65 70
66 70
68 70
68 72
67 72
67 73
66 74
67 74
68 73
69 73
69 72
70 72
71 72
70 71
74 71
75 71
76 72
77 72
76 71
77 71
77 70
76 70
75 70
75 69
76 69
74 69
74 68
75 68
76 68
77 69
79 69
79 68
79 67
78 67
78 66
79 66
77 66
78 65
77 65
79 65
76 66
75 66
76 65
77 64
74 66
73 67
75 65
73 66
74 65
76 64
75 64
73 65
74 64
72 65
72 66
76 63
75 63
73 64
74 63
75 62
73 63
72 64
74 62
72 63
73 62
74 61
73 61
72 62
72 61
73 60
72 60
71 61
70 62
69 62
71 60
70 60
72 59
71 59
73 59
68 63
67 63
69 63
70 63
68 61
67 62
69 60
70 59
67 61
71 58
69 59
72 58
68 59
70 58
71 57
69 58
67 60
68 60
69 57
70 56
69 55
68 55
67 55
67 54
69 56
68 56
67 56
66 56
66 55
68 57
70 57
67 59
66 60
67 58
66 58
66 59
65 59
68 58
67 57
66 57
65 58
64 59
64 58
65 57
65 56
64 57
63 58
65 55
66 54
64 54
63 54
62 54
61 54
65 54
59 53
58 53
56 53
57 53
56 55
55 55
54 55
53 55
52 55
51 55
50 55
50 54
51 54
52 54
53 54
49 55
49 56
50 56
54 54
51 56
49 57
49 58
48 58
46 60
46 61
45 61
45 62
45 63
46 62
47 62
47 61
48 61
46 63
48 60
48 59
49 59
48 57
47 60
47 63
46 64
45 64
47 64
49 62
50 61
51 60
52 57
46 65
46 66
47 65
48 65
50 64
51 61
50 62
45 65
49 65
50 65
51 65
51 66
50 66
49 66
51 67
51 57
50 57
50 58
53 57
54 58
55 59
58 61
59 62
60 62
61 62
71 68
71 67
69 67
65 66
64 65
68 66
66 65
66 67
70 69
69 69
68 68
70 68
72 70
72 69
71 70
64 61
62 60
61 61
60 61
60 63
54 62
53 62
54 60
55 61
53 60
52 60
52 59
53 59
54 59
56 59
57 60
57 59
60 58
59 58
58 58
57 58
58 57
57 57
56 57
54 56
53 56
52 56
55 56
56 56
57 56
58 56
57 55
58 55
59 55
60 55
61 55
62 55
63 55
64 55
64 56
63 56
63 57
62 57
61 57
60 57
59 57
60 56
61 56
62 56
59 56
