22 40
22 41
21 42
21 43
20 44
20 45
19 45
18 46
17 46
17 47
16 47
16 48
15 49
15 50
15 51
14 52
14 53
14 54
13 54
13 55
13 56
12 57
12 58
11 58
11 59
11 60
11 61
10 61
10 62
10 63
10 64
10 65
10 66
10 67
10 68
10 60
10 59
10 58
11 57
11 56
11 55
11 54
12 54
12 53
13 53
13 52
13 51
14 51
14 50
12 55
12 56
13 50
14 49
14 48
15 48
15 47
16 46
16 45
17 45
17 44
18 44
18 43
18 42
19 42
19 41
20 41
20 40
21 40
22 39
23 39
24 39
25 39
26 39
27 39
28 39
29 39
30 39
31 39
32 39
33 39
34 39
35 39
36 39
37 39
38 39
38 40
39 40
40 40
41 40
42 40
43 40
44 40
45 40
46 40
47 40
48 40
48 41
49 41
50 41
51 41
51 42
28 38
29 38
30 38
31 38
32 38
33 38
34 38
35 38
36 38
39 39
40 39
41 39
38 38
39 38
42 39
43 39
44 39
44 38
43 38
42 38
41 38
40 38
37 38
45 38
46 38
47 38
47 39
48 39
49 39
50 39
51 39
51 40
50 38
49 38
48 38
52 39
52 38
51 38
50 40
49 40
46 39
45 39
52 40
53 40
53 39
53 41
52 41
52 42
54 40
55 40
56 40
56 41
57 41
57 42
58 42
58 43
59 43
60 43
61 43
61 44
62 44
63 44
64 44
64 45
65 45
66 45
67 45
67 46
68 46
69 46
70 46
71 46
72 47
73 47
74 47
75 47
76 47
76 48
77 48
78 48
78 49
79 49
80 49
80 50
81 50
82 51
81 51
81 52
80 52
80 53
79 53
79 52
78 52
77 52
76 52
75 52
74 52
73 52
72 52
71 52
71 51
70 51
69 51
68 51
67 51
67 50
66 50
65 50
64 50
64 49
63 49
62 49
61 49
60 48
59 48
58 47
57 47
57 46
56 46
55 46
55 47
56 47
56 48
57 48
58 48
58 49
59 49
60 49
60 50
61 50
62 50
62 51
63 51
64 51
65 51
66 51
67 52
68 52
69 52
70 52
73 53
74 53
75 53
76 53
77 53
78 53
81 53
82 54
83 54
84 54
85 54
86 54
87 54
88 54
88 55
89 55
90 55
91 55
91 56
92 56
93 56
94 56
95 57
96 57
96 58
96 59
97 59
97 60
97 61
96 61
95 62
94 62
93 62
92 62
91 62
91 61
90 61
89 61
88 61
87 61
86 61
85 61
85 60
84 60
83 60
82 60
81 60
80 60
79 60
79 61
79 62
80 62
81 62
82 62
83 62
84 62
85 62
85 63
86 63
87 63
87 64
88 64
89 64
89 65
90 65
91 65
92 65
93 66
94 66
95 66
96 66
96 67
97 67
98 68
98 69
99 69
99 70
98 70
98 71
97 71
96 72
95 72
94 72
93 72
93 71
92 71
91 71
90 71
89 71
88 71
87 71
86 71
85 71
84 70
83 70
82 70
81 70
80 70
79 70
78 70
81 71
82 71
83 71
84 71
84 72
85 72
86 72
87 72
88 72
89 72
90 72
90 73
91 73
92 73
92 74
92 75
91 75
91 76
90 76
90 77
89 77
88 77
87 77
86 77
85 77
84 77
83 77
82 77
81 77
80 77
79 77
78 77
77 77
76 77
75 77
75 78
74 78
73 78
72 78
71 78
70 78
69 78
68 77
67 77
66 77
65 77
64 77
63 77
62 77
61 76
60 76
59 76
58 76
57 76
56 76
55 76
54 76
53 76
52 76
51 76
51 77
50 77
49 77
48 77
47 77
46 77
46 78
45 78
44 78
43 78
42 78
42 79
41 79
40 79
39 80
38 80
38 81
38 82
39 83
40 83
40 84
41 84
42 84
42 85
43 85
44 85
45 85
45 86
46 86
47 86
47 87
47 88
48 88
48 89
48 90
49 90
49 91
50 92
50 93
50 94
50 95
51 95
51 96
51 97
51 98
51 99
51 100
51 101
50 102
49 102
48 102
48 103
47 103
46 103
46 102
45 101
45 100
45 99
44 99
44 98
44 97
43 97
43 96
42 96
42 95
41 95
41 94
40 94
40 93
39 93
38 93
38 92
37 92
37 91
36 91
36 90
35 90
34 89
33 88
33 87
32 87
32 86
31 86
31 85
30 84
30 83
29 83
29 82
28 82
28 81
27 81
27 80
26 80
26 79
25 79
25 78
24 78
24 77
23 76
23 75
22 75
22 74
21 74
21 73
20 73
20 72
19 71
18 70
17 70
17 69
17 68
16 68
16 67
16 66
15 66
15 65
14 65
14 64
13 64
12 64
12 63
11 63
11 68
12 68
13 68
13 69
14 69
14 70
15 70
16 71
16 72
17 72
17 73
17 74
17 75
18 75
18 76
19 76
19 77
20 77
21 77
21 78
22 78
22 79
23 79
24 80
25 80
25 81
26 81
26 82
27 82
27 83
28 83
28 84
29 84
29 85
30 86
15 69
16 69
16 70
17 71
18 71
18 72
19 72
19 73
20 74
20 75
21 75
21 76
22 76
22 77
23 77
23 78
24 79
19 74
18 73
19 75
20 76
27 79
28 80
29 81
30 81
30 85
18 74
15 68
15 67
14 67
14 68
13 67
14 66
13 66
12 67
11 67
11 66
11 65
11 64
12 65
13 65
12 66
15 64
13 63
11 62
12 60
12 59
13 59
13 58
13 57
14 55
15 53
15 52
16 52
16 51
17 50
17 49
18 49
18 48
18 47
19 47
19 46
20 43
21 41
20 42
19 43
19 44
18 45
17 48
16 49
16 50
17 51
19 48
20 47
20 46
21 46
22 45
22 44
23 44
23 43
24 43
24 42
25 42
25 41
26 41
24 41
23 41
25 40
24 40
23 40
26 40
27 40
28 40
28 41
29 41
30 41
31 41
32 41
33 41
34 41
35 41
36 41
37 41
38 41
37 40
36 40
35 40
34 40
33 40
29 40
30 40
31 40
32 40
27 41
26 42
23 42
22 43
21 44
22 42
21 45
22 46
23 45
24 44
25 44
25 43
26 43
27 42
28 42
27 43
26 44
24 45
23 46
22 47
21 47
20 48
19 49
18 50
12 61
13 61
13 62
13 60
14 59
14 58
14 57
15 57
15 56
15 55
16 55
16 54
16 53
17 52
18 51
25 45
24 46
23 47
23 48
22 49
20 51
19 52
18 54
17 54
16 56
17 55
18 53
20 50
21 50
21 49
22 48
21 48
19 50
19 51
15 54
17 53
20 49
18 52
14 56
12 62
14 62
14 61
14 60
15 59
15 58
15 60
15 61
16 60
16 59
17 58
17 57
18 57
18 56
17 59
19 55
21 53
22 51
23 50
24 47
25 47
25 46
24 48
23 49
21 52
20 53
20 54
19 54
22 53
23 52
24 51
24 50
25 49
26 49
25 50
21 54
19 56
22 50
26 45
19 53
20 52
21 51
25 48
26 46
27 45
27 44
18 55
17 56
16 57
16 58
28 45
28 44
27 46
27 47
27 48
26 48
22 54
22 55
21 56
20 57
19 58
18 59
18 60
17 60
17 61
16 62
15 63
14 63
21 55
23 53
26 47
28 46
29 45
29 44
30 44
30 43
28 47
26 51
25 52
24 54
23 55
23 57
22 58
22 59
21 59
21 60
20 60
20 61
19 62
19 63
18 63
18 64
17 64
17 65
16 65
17 63
18 62
19 60
20 59
21 58
21 57
22 56
23 54
24 53
24 52
31 43
31 42
32 42
32 43
30 45
29 46
29 47
28 48
27 49
27 50
25 53
20 58
19 61
18 61
23 58
24 55
27 51
28 49
29 49
30 47
31 46
31 47
31 48
31 49
31 50
31 51
31 52
31 53
31 54
31 55
30 56
30 57
30 58
30 59
30 60
30 61
30 62
31 62
31 63
31 64
31 65
31 66
31 67
31 68
31 69
32 69
32 70
32 71
32 72
31 71
31 70
31 61
31 60
31 59
31 58
31 57
31 56
32 53
32 52
32 51
32 50
32 49
32 48
32 47
32 46
32 45
33 45
33 46
33 47
34 49
34 50
34 51
34 54
34 55
34 56
34 58
34 60
35 60
35 61
35 62
35 63
35 64
35 65
35 66
35 67
35 68
35 69
35 70
35 71
35 72
35 73
35 74
35 75
35 76
35 77
35 78
35 79
35 80
36 60
36 59
36 58
36 57
36 56
36 55
36 54
36 53
36 52
36 51
36 49
36 48
36 47
36 46
36 45
36 44
37 44
37 45
37 46
37 47
37 48
37 49
37 50
37 51
38 52
38 53
38 54
38 55
38 56
38 57
38 58
38 59
38 60
38 61
38 62
38 63
38 64
38 65
38 66
38 67
39 62
39 60
39 58
40 57
40 55
40 54
40 53
40 52
40 51
41 51
41 50
41 49
41 48
41 47
42 47
42 46
42 45
43 45
43 46
43 47
44 48
44 49
44 50
44 51
44 52
44 53
44 54
44 55
44 56
43 56
42 56
41 56
40 56
41 55
45 56
46 56
47 56
47 57
48 57
49 57
50 57
51 58
52 58
53 58
54 58
55 58
56 58
57 58
58 58
59 58
60 59
61 59
62 59
63 59
64 59
65 59
66 59
67 59
68 59
69 59
70 59
71 59
72 59
73 59
74 59
75 59
76 59
77 59
78 59
79 59
86 60
87 60
87 59
88 59
89 59
90 59
91 59
92 59
92 60
93 60
94 60
95 60
95 61
94 61
93 61
92 61
96 60
95 59
94 59
94 58
93 58
93 57
94 57
95 58
93 59
92 58
92 57
91 57
90 56
89 56
88 56
87 55
86 55
83 55
82 55
81 55
84 55
85 55
86 56
87 56
89 57
90 57
90 58
91 58
89 58
88 58
87 58
86 58
85 58
85 59
86 59
89 60
90 60
91 60
88 60
88 57
87 57
85 56
84 56
83 56
82 56
81 56
80 56
83 57
84 57
85 57
86 57
83 58
82 58
81 58
81 59
80 59
82 59
83 59
84 59
84 58
80 58
79 58
80 57
81 57
82 57
79 56
78 56
78 55
79 55
80 55
81 54
80 54
79 54
78 54
77 54
76 54
75 54
74 54
72 53
66 52
61 51
60 51
59 50
58 50
57 50
57 49
56 49
55 48
54 47
54 46
54 45
55 45
56 45
57 45
58 46
59 47
60 47
61 48
63 50
68 50
69 50
70 50
71 50
72 50
73 50
74 50
75 50
76 50
77 50
78 50
79 50
79 51
78 51
77 51
76 51
75 51
74 51
73 51
72 51
80 51
76 49
75 49
74 49
74 48
77 49
75 48
73 48
72 48
71 48
71 49
70 49
69 49
68 49
67 49
66 49
65 49
68 48
69 48
70 48
71 47
70 47
69 47
68 47
67 47
66 47
65 47
65 46
64 46
63 46
63 45
62 45
61 45
60 44
59 44
57 43
56 43
56 42
55 42
55 41
54 41
54 42
55 43
56 44
57 44
58 44
58 45
59 45
60 45
62 46
66 46
73 49
72 49
65 48
64 48
63 48
63 47
62 47
61 46
60 46
59 46
61 47
66 48
67 48
64 47
62 48
71 53
72 54
73 54
74 55
75 55
76 56
77 56
78 57
79 57
76 55
77 55
77 57
77 58
78 58
76 58
75 58
74 58
73 58
72 58
71 58
70 58
69 58
68 58
67 58
66 57
65 57
64 57
63 57
62 57
61 57
60 57
60 58
61 58
62 58
63 58
64 58
65 58
66 58
67 60
66 60
65 60
68 60
69 60
70 60
71 60
73 60
74 60
75 60
76 60
76 61
77 61
78 61
77 62
78 62
79 63
80 63
81 63
82 63
83 63
84 63
86 64
84 61
83 61
82 61
78 60
77 60
80 61
81 61
81 64
82 64
83 64
83 65
84 65
85 65
86 66
87 66
88 66
88 67
89 67
90 67
91 67
89 66
87 65
86 65
85 64
84 64
88 65
90 66
91 66
92 66
93 67
94 67
95 67
95 68
96 68
97 69
97 70
96 70
96 71
95 71
94 71
95 70
96 69
95 69
94 69
93 69
97 68
94 68
93 68
92 68
91 68
92 67
89 68
88 68
87 68
86 68
85 68
85 69
86 69
87 69
88 69
89 69
90 69
91 69
92 69
92 70
91 70
93 70
94 70
90 70
89 70
88 70
87 70
86 70
85 70
91 72
92 72
90 68
85 67
84 67
83 67
82 67
82 66
81 66
80 66
79 66
78 66
77 66
76 66
83 66
84 66
85 66
86 67
87 67
84 68
83 68
82 68
81 69
80 69
79 69
83 69
84 69
82 69
78 69
77 69
76 69
81 68
80 68
80 67
79 67
78 67
77 67
81 67
76 67
78 68
77 68
76 68
75 68
29 42
30 42
29 43
28 43
23 56
23 51
24 49
22 52
20 56
19 59
20 55
19 57
18 58
16 61
15 62
16 63
16 64
17 62
22 60
23 59
22 57
25 51
26 50
29 48
30 46
31 45
31 44
32 44
33 44
33 43
33 42
34 42
34 43
35 42
36 42
37 42
39 41
38 42
37 43
36 43
39 42
40 42
41 42
35 43
40 41
42 42
42 41
43 41
44 41
45 41
46 41
47 41
41 41
44 42
45 42
46 42
47 42
47 43
48 43
48 42
43 42
49 42
50 42
50 43
51 43
52 43
53 43
54 43
53 42
54 44
55 44
53 44
52 44
51 44
50 44
49 44
48 44
47 44
46 44
49 43
46 43
45 44
44 44
42 44
41 44
40 44
39 44
38 44
35 45
34 45
40 43
41 43
42 43
39 43
38 43
43 44
45 43
44 43
43 43
34 44
35 44
28 50
30 49
33 48
28 51
29 50
30 50
29 51
28 52
27 53
25 54
26 54
29 52
30 52
33 50
33 51
28 53
27 54
26 55
25 55
24 56
25 56
28 55
29 54
33 52
34 52
35 52
33 53
32 54
30 55
29 56
28 57
25 59
24 61
23 62
22 63
21 63
23 63
24 62
25 61
26 61
26 60
22 64
20 66
19 67
18 68
18 69
19 69
19 68
20 68
21 67
22 66
23 65
23 64
22 65
21 65
21 66
20 67
18 67
19 66
18 66
17 67
17 66
18 65
19 64
20 63
21 62
19 65
20 64
21 64
24 63
20 65
22 62
23 61
22 61
20 62
21 61
24 59
24 58
25 58
26 57
27 56
27 57
23 60
26 58
28 56
29 55
27 55
26 56
25 57
24 57
28 54
30 51
27 52
26 53
26 52
29 53
30 53
30 54
30 48
27 58
26 59
24 60
25 60
28 58
27 59
29 58
32 57
29 59
28 59
28 60
27 60
29 57
25 62
25 63
26 62
27 62
27 61
28 61
29 61
29 60
26 63
28 62
25 64
26 64
27 63
29 62
28 63
27 64
26 65
25 65
24 65
24 66
25 66
27 65
28 64
29 63
24 64
23 66
23 67
22 67
21 68
20 69
19 70
20 70
21 69
22 68
23 68
24 67
25 67
26 66
28 65
29 64
22 69
24 68
30 64
29 65
28 66
27 66
26 67
25 68
24 69
23 69
23 70
22 70
21 71
22 71
24 70
25 69
26 68
27 68
27 67
28 67
29 66
30 65
30 63
21 70
20 71
23 71
22 72
21 72
23 72
24 72
25 71
26 71
26 70
27 70
27 69
28 69
28 68
29 67
26 69
25 70
24 71
22 73
23 73
24 73
25 73
25 72
26 72
27 71
28 70
29 68
30 67
30 66
30 68
29 69
29 70
28 71
28 72
27 72
27 73
26 73
25 74
24 74
23 74
29 71
30 69
30 70
30 71
29 72
29 73
28 73
28 74
27 74
26 74
24 75
25 75
30 73
30 72
31 72
29 74
28 75
27 75
26 75
25 76
24 76
30 74
31 73
31 74
29 75
27 76
26 76
28 76
29 76
30 75
31 75
32 74
32 73
33 73
33 72
27 77
26 77
25 77
26 78
28 77
30 76
32 75
31 76
30 77
29 77
29 78
28 78
28 79
29 79
30 79
30 78
31 78
32 78
32 77
31 77
30 80
29 80
27 78
31 80
31 81
32 82
33 83
34 84
35 85
36 86
37 86
37 87
38 87
39 88
40 89
41 89
41 90
42 90
42 91
43 91
43 92
44 92
44 93
45 94
45 95
46 95
46 96
47 97
47 98
48 98
48 99
48 100
47 101
47 102
48 101
49 101
50 101
50 100
50 99
50 98
50 97
50 96
49 95
49 94
48 94
48 93
48 92
48 91
47 91
47 90
46 90
46 89
46 88
45 88
45 87
44 86
43 86
41 85
39 82
37 82
37 81
36 81
35 81
34 81
34 82
35 82
36 82
37 83
38 83
39 84
40 85
41 86
42 86
42 87
43 87
43 88
44 88
44 89
45 89
45 90
47 93
47 92
46 91
44 87
46 92
47 94
48 95
49 92
49 93
47 89
46 87
48 96
48 97
49 98
49 97
49 96
49 99
49 100
46 101
46 100
47 100
47 99
46 99
46 98
45 98
46 97
45 97
47 96
45 96
44 96
47 95
44 95
44 94
43 94
46 94
45 93
46 93
45 92
45 91
44 91
44 90
43 90
43 89
42 89
42 88
41 88
40 87
39 86
38 85
37 85
37 84
36 84
35 83
34 83
39 85
40 86
41 87
38 84
36 83
39 87
38 86
35 84
34 85
34 86
35 86
36 85
40 88
42 92
42 93
43 93
43 95
42 94
41 93
40 92
40 91
39 91
39 90
38 90
38 89
37 89
37 88
36 88
36 87
35 87
33 85
33 84
32 84
32 85
33 86
34 87
35 88
34 88
35 89
36 89
37 90
38 91
39 92
41 92
41 91
40 90
39 89
38 88
31 84
31 83
30 82
31 82
32 83
33 82
32 81
32 80
33 80
31 79
32 79
34 80
33 81
33 77
33 76
33 78
33 79
32 76
33 75
34 79
33 71
33 70
33 69
33 68
33 67
33 66
33 65
33 64
33 63
33 62
33 61
33 60
33 59
33 58
33 57
32 56
32 55
32 58
33 55
33 54
33 56
32 61
32 62
32 60
32 59
32 63
32 64
32 65
32 66
32 67
32 68
33 74
33 49
34 48
34 47
34 46
34 57
34 61
34 62
34 63
34 64
34 65
34 66
34 67
34 68
34 69
34 71
34 72
34 73
34 74
34 75
34 76
34 77
34 78
37 80
37 79
36 79
36 78
36 77
34 70
34 59
35 56
34 53
35 53
35 54
35 55
35 57
35 58
35 59
36 50
35 46
35 47
35 48
35 49
35 50
35 51
36 80
36 76
37 76
37 75
37 74
37 73
36 72
36 70
36 69
36 67
36 65
36 63
36 61
37 55
37 54
37 53
38 51
38 50
39 49
40 49
40 48
39 48
39 47
39 46
40 46
40 45
39 45
38 45
41 45
38 46
44 45
45 45
46 45
41 46
47 45
48 45
49 45
44 46
45 46
38 47
40 47
46 46
38 48
38 49
40 50
39 50
42 49
43 49
37 52
37 56
37 57
37 58
37 59
37 60
37 61
37 62
37 63
37 64
37 65
37 66
37 67
37 68
36 62
36 64
36 66
36 68
36 71
36 73
36 74
36 75
37 72
37 71
37 70
37 69
37 77
37 78
38 79
38 78
38 77
38 76
38 75
38 71
38 70
38 69
38 68
39 52
40 58
39 59
39 57
39 56
39 55
39 54
39 53
39 51
39 61
39 63
39 64
39 65
39 66
39 67
39 68
39 69
39 70
39 71
39 72
39 73
39 74
39 75
38 74
38 73
38 72
39 76
39 77
39 78
39 79
40 78
41 78
40 77
40 76
40 75
40 74
40 73
40 71
40 70
40 69
40 68
40 67
40 66
40 65
40 64
40 63
40 62
40 61
40 60
40 59
40 72
41 76
41 77
41 75
41 74
42 73
42 72
42 71
42 70
42 69
42 68
42 67
42 66
42 65
42 64
41 63
41 62
41 61
41 60
41 59
41 58
41 57
41 64
41 65
41 66
41 67
41 68
41 69
41 70
41 71
41 72
42 62
42 60
42 58
43 54
43 53
43 52
42 52
41 52
41 53
41 54
42 51
43 51
43 48
42 48
44 47
45 48
46 48
47 47
48 47
49 47
50 47
50 46
51 46
52 46
53 46
52 47
91 74
90 74
89 73
89 74
89 75
90 75
89 76
88 75
88 74
88 73
88 76
87 76
87 75
87 74
87 73
86 76
86 75
86 74
86 73
85 75
85 76
85 74
85 73
84 74
84 75
83 75
83 74
83 73
84 73
84 76
83 76
83 72
82 75
82 76
81 75
81 74
82 74
82 73
82 72
81 76
80 76
80 75
80 74
80 73
80 72
81 72
81 73
80 71
79 71
79 72
79 73
79 74
79 75
79 76
78 76
78 75
78 74
78 73
78 72
78 71
77 71
77 72
77 73
77 74
77 75
77 76
77 70
76 70
75 71
75 72
75 73
75 74
75 75
75 76
74 77
73 77
72 77
71 77
70 77
70 76
69 76
68 76
67 76
66 76
65 76
64 75
63 75
62 75
61 75
60 75
60 74
59 74
58 74
57 74
56 74
55 74
54 73
53 73
52 73
51 73
50 73
49 73
48 73
47 73
46 73
45 73
44 73
44 74
43 74
42 74
42 77
43 77
44 77
45 77
46 76
47 76
48 76
49 76
50 76
51 75
52 75
53 75
54 75
55 75
56 75
57 75
58 75
59 75
62 76
63 76
64 76
69 77
73 76
74 76
76 76
74 75
73 75
72 75
71 75
70 75
69 75
68 75
67 75
66 75
66 74
65 74
64 74
63 74
62 74
61 73
60 73
59 73
58 73
57 73
56 72
55 72
54 72
53 72
52 72
51 71
50 71
49 71
48 71
47 71
46 71
45 71
44 71
44 72
43 72
43 73
42 75
42 76
44 76
45 76
46 75
47 75
47 74
48 74
49 74
50 74
53 74
54 74
62 73
63 73
64 73
67 74
71 76
72 76
65 75
61 74
56 73
55 73
51 72
47 72
46 72
43 75
44 75
45 75
48 75
49 75
50 75
51 74
52 74
43 76
45 74
46 74
45 72
48 72
41 73
49 72
50 72
57 72
58 72
59 72
60 71
61 71
62 71
64 70
66 70
67 69
69 69
70 68
72 68
73 68
74 67
57 65
59 65
60 65
62 65
63 65
65 65
67 65
69 65
70 65
71 65
72 65
64 65
61 65
58 66
55 66
53 66
49 66
46 66
43 66
43 65
44 64
45 64
47 63
48 62
49 62
51 61
52 60
53 60
55 59
56 59
52 57
51 57
49 56
48 56
48 55
49 55
50 55
51 55
52 55
52 56
51 59
50 60
49 60
48 61
47 61
46 61
45 61
44 61
45 60
47 59
48 58
49 58
51 56
53 55
55 55
55 54
56 54
56 55
56 56
55 56
53 57
49 59
46 60
44 60
43 59
44 59
45 58
46 57
50 54
53 53
55 51
56 50
54 50
52 50
50 51
48 51
46 52
48 52
49 52
51 53
55 53
57 53
58 53
59 54
60 54
58 54
54 54
53 54
51 54
49 54
48 53
47 53
49 53
50 52
52 52
53 51
53 48
52 48
50 48
49 48
48 48
47 48
51 48
53 47
48 49
47 49
46 50
45 50
47 50
46 47
47 46
50 45
51 45
52 45
53 45
49 46
48 46
42 50
43 50
45 49
45 47
46 49
51 47
48 50
47 51
45 54
43 55
42 55
44 57
44 58
45 59
46 58
47 58
50 58
48 60
45 62
44 62
56 52
50 53
48 54
46 54
45 52
49 50
51 49
53 49
54 48
55 49
54 49
53 50
51 51
47 52
45 53
47 54
42 54
49 51
50 50
51 50
42 53
45 51
55 50
52 59
55 57
57 57
58 56
59 56
61 55
61 56
57 59
55 60
52 61
50 63
49 63
47 64
46 64
48 63
52 62
54 61
56 60
58 59
59 59
48 64
46 65
45 66
47 66
48 65
51 64
53 63
55 63
57 62
59 61
60 61
61 60
58 61
53 64
51 65
49 65
48 66
50 65
52 64
54 64
56 63
58 62
61 61
62 61
52 65
50 66
48 67
46 68
45 68
44 68
44 69
47 68
49 67
51 66
53 65
55 65
57 64
59 63
60 63
58 63
54 65
52 66
51 67
58 64
60 64
61 63
62 63
63 63
59 64
53 67
51 68
50 68
49 69
48 69
50 69
52 68
54 68
57 68
59 67
62 67
65 66
67 66
68 66
70 66
71 66
67 67
65 68
63 68
60 69
58 70
56 70
54 71
55 71
57 71
59 70
61 70
63 69
67 68
68 68
69 67
70 67
68 67
66 68
72 66
73 66
74 66
75 66
76 65
77 65
78 65
79 65
80 65
81 65
79 68
82 65
78 64
79 64
77 64
76 64
75 64
74 64
73 64
72 64
71 64
72 63
73 63
75 63
76 62
75 62
74 63
69 64
68 65
66 65
70 64
71 63
70 63
73 62
72 62
71 62
69 62
68 63
67 63
65 64
66 64
68 64
69 63
61 66
60 66
62 66
70 62
64 64
57 66
61 64
65 63
66 62
67 62
68 62
69 61
68 61
67 61
65 62
64 62
56 65
64 63
70 61
63 62
64 61
65 61
66 61
63 61
59 62
54 63
52 63
54 62
55 62
57 61
59 60
65 56
64 56
63 56
66 55
67 55
68 55
69 55
66 56
67 56
68 56
71 56
72 56
73 56
73 55
75 56
74 56
72 57
70 57
71 57
73 57
69 57
74 57
75 57
68 57
67 57
69 56
71 55
72 55
70 55
65 55
64 55
66 54
67 54
69 54
70 54
70 53
69 53
67 53
66 53
65 53
64 53
62 53
61 53
60 53
63 53
56 53
59 53
63 52
62 52
61 52
60 52
59 52
58 52
57 52
55 52
54 52
56 51
57 51
58 51
59 51
52 51
50 49
46 51
54 56
53 56
45 57
43 58
54 57
56 57
57 56
50 56
60 56
62 56
58 57
46 59
47 60
51 60
54 60
57 60
58 60
49 61
43 61
46 62
53 61
55 61
60 60
43 62
47 62
51 62
53 62
56 62
61 62
62 62
60 62
43 64
45 65
49 64
47 65
58 65
44 67
46 67
54 67
56 67
58 67
61 67
61 68
59 68
55 68
46 69
45 69
45 70
46 70
48 70
49 70
51 70
53 70
55 70
57 70
60 70
58 69
56 69
54 69
52 69
44 70
43 70
50 70
52 70
57 69
62 69
64 69
65 69
66 69
61 69
59 69
68 69
70 69
62 70
65 70
67 71
71 71
73 71
74 71
73 72
71 72
70 72
69 72
67 72
66 73
65 73
67 73
69 73
71 73
73 73
76 72
68 72
68 73
70 73
72 73
74 73
76 73
72 74
71 74
70 74
68 74
69 74
73 74
74 74
76 74
76 75
68 71
66 71
63 70
67 70
69 70
71 70
72 70
73 70
74 70
75 70
68 70
72 69
73 69
75 69
74 69
55 69
53 69
74 68
72 67
64 68
56 68
53 68
51 69
58 68
60 68
65 67
69 66
66 66
64 66
63 66
56 66
54 66
63 64
62 64
44 66
43 67
57 63
50 61
43 60
42 61
52 54
42 59
46 55
45 55
42 57
47 55
43 57
51 52
53 52
44 65
44 63
48 59
54 55
57 55
58 55
59 55
55 64
43 63
62 54
63 55
64 60
56 64
46 63
50 59
60 67
50 67
64 67
47 70
49 68
72 61
73 61
74 62
76 63
77 63
78 63
80 64
75 61
76 57
76 71
75 67
75 65
74 65
74 61
72 60
73 67
74 72
73 65
72 72
72 71
71 68
71 61
70 56
70 70
70 71
69 68
57 67
59 66
58 71
59 71
63 71
65 71
65 72
64 72
63 72
62 72
61 72
60 72
64 71
69 71
66 72
47 69
55 67
45 67
48 68
43 69
62 68
54 70
52 71
53 71
43 71
56 71
52 67
47 67
71 69
71 67
66 67
63 67
67 64
66 63
63 60
62 60
71 54
68 54
65 54
64 54
63 54
61 54
65 52
64 52
68 53
60 55
45 63
54 59
57 54
53 59
52 53
54 53
49 49
43 68
62 55
56 61
50 64
59 57
42 63
51 63
50 62
46 53
52 49
54 51
