95 132
94 132
93 132
92 132
91 132
90 132
90 133
89 133
88 133
88 134
87 134
86 134
86 135
85 135
84 135
83 135
82 135
82 136
81 136
80 136
79 136
78 136
77 136
77 137
76 137
75 137
74 137
74 138
73 138
72 138
72 139
71 139
70 139
70 140
69 140
68 140
68 141
67 141
66 141
66 142
65 142
65 141
64 141
64 140
64 139
64 138
63 138
63 137
63 136
63 135
62 135
62 134
61 134
61 133
61 132
60 132
60 131
59 130
59 129
59 128
58 128
58 127
58 126
58 125
57 125
57 124
57 123
57 122
56 122
56 121
56 120
56 119
56 118
56 117
56 116
55 116
55 115
55 114
54 114
54 113
54 112
54 111
53 111
53 110
53 109
53 108
53 107
53 106
53 105
53 104
53 103
53 102
53 101
53 100
53 99
95 131
94 131
94 130
93 129
93 128
92 128
92 127
91 126
91 125
90 124
90 123
89 123
89 122
89 121
88 121
88 120
88 119
87 118
87 117
87 116
86 116
86 115
86 114
86 113
85 113
85 112
85 111
84 111
84 110
83 110
83 109
83 108
82 108
82 107
82 106
82 105
82 104
82 103
82 102
83 102
83 101
83 100
83 99
83 98
83 97
83 96
83 95
83 94
83 93
83 92
83 91
83 90
83 89
82 89
82 88
82 87
82 86
82 85
82 84
82 83
82 82
81 82
81 81
81 80
81 79
80 79
80 78
80 77
80 76
80 75
79 75
79 74
79 73
78 73
78 72
78 71
77 71
77 70
77 69
77 68
76 68
76 67
76 66
76 65
75 65
75 64
75 63
75 62
74 62
74 61
74 60
74 59
73 59
73 58
73 57
72 57
72 56
72 55
72 54
71 53
71 52
71 51
70 50
70 49
70 48
69 48
69 47
68 46
67 45
67 44
66 43
66 42
66 41
66 40
65 40
65 39
64 39
64 38
63 38
63 39
62 39
62 40
62 41
62 42
61 42
61 43
61 44
62 44
62 45
63 45
63 46
63 47
64 47
64 48
64 49
64 50
64 51
65 52
65 53
65 54
65 55
66 55
66 56
66 57
66 58
67 58
67 59
67 60
68 61
68 62
68 63
68 64
69 64
69 65
69 66
69 67
69 68
69 69
70 69
70 70
68 68
67 68
67 67
66 67
66 66
66 65
65 65
65 64
65 63
65 62
64 61
64 60
63 59
63 58
63 57
63 56
62 56
62 55
62 54
62 53
61 53
61 52
61 51
61 50
60 50
60 49
60 48
60 47
59 46
59 45
59 44
58 43
58 42
58 41
57 41
57 40
57 39
56 39
56 38
56 37
56 36
55 36
55 35
55 34
55 33
55 32
54 32
54 31
54 30
53 30
53 29
52 29
52 28
51 27
50 27
49 27
49 28
48 28
48 29
48 30
48 31
48 32
48 33
49 33
49 34
49 35
50 35
50 36
50 37
51 37
51 38
51 39
52 39
52 40
52 41
52 42
53 43
53 44
53 45
53 46
54 46
54 47
54 48
54 49
54 50
55 50
55 51
55 52
55 53
55 54
55 55
56 55
56 56
56 57
56 58
57 58
57 59
57 60
58 60
59 60
60 60
60 59
61 59
62 59
59 63
60 63
60 62
61 62
62 62
63 62
64 62
64 63
59 64
60 64
61 64
62 64
63 64
63 63
62 63
61 63
60 65
59 65
59 66
60 66
60 67
61 67
62 67
62 68
63 69
63 70
64 70
64 71
65 71
65 72
65 73
66 73
66 74
66 75
67 76
67 77
67 78
68 80
68 81
68 82
69 83
69 85
69 86
69 87
70 88
70 90
70 92
70 94
70 96
70 99
70 100
70 102
70 103
69 104
69 105
67 105
66 105
65 105
66 104
67 104
68 103
71 102
73 101
74 101
75 101
76 102
77 102
77 103
76 104
75 105
74 106
72 106
71 107
69 107
67 107
66 107
64 107
63 106
62 105
61 104
60 103
60 102
60 101
61 99
62 98
63 97
64 96
65 96
66 95
67 95
67 96
68 97
67 98
66 99
65 99
64 100
63 100
62 100
61 100
60 99
61 98
63 98
64 97
64 98
65 98
64 99
59 98
59 97
59 96
58 94
59 92
59 90
60 88
61 86
62 84
63 83
64 83
65 83
65 84
65 85
65 86
65 87
65 88
64 89
63 89
62 89
61 89
60 89
35 39
35 38
34 38
34 37
34 36
34 35
34 34
33 34
32 34
32 35
32 36
31 36
31 37
31 38
31 39
31 40
31 41
31 42
32 43
32 44
32 45
32 46
32 47
32 48
33 49
33 50
33 51
33 52
33 53
34 53
34 54
34 55
35 56
35 57
35 58
35 59
35 60
35 61
35 62
35 63
36 63
36 64
36 65
36 66
36 67
36 68
37 68
37 69
37 70
37 71
37 72
38 72
38 73
38 74
38 75
38 76
38 77
38 78
38 79
38 80
38 81
38 82
38 83
38 84
38 85
38 86
38 87
38 88
38 89
38 90
38 91
38 92
38 93
38 94
38 95
38 96
38 97
37 97
37 98
37 99
36 99
36 98
36 97
36 96
36 95
35 95
35 94
34 94
34 93
33 92
33 91
33 90
32 90
32 89
32 88
31 88
31 87
31 86
30 86
30 85
29 85
29 84
28 84
28 83
27 83
26 83
26 82
25 82
25 81
24 81
23 80
22 80
22 79
21 79
20 79
20 78
19 78
18 78
17 78
16 78
15 78
15 79
14 79
14 80
14 81
14 82
14 83
15 83
15 84
16 84
16 85
17 85
18 85
19 85
19 86
20 86
20 87
21 87
21 88
22 88
22 89
22 90
23 90
23 91
23 92
24 92
24 93
25 93
26 94
27 94
27 95
28 95
28 96
29 96
29 97
30 97
30 98
31 98
31 99
32 99
32 100
32 101
33 101
33 102
34 102
34 103
35 103
35 104
36 104
36 105
37 105
37 106
38 106
38 107
39 107
40 107
40 108
41 108
41 109
42 109
42 110
43 110
43 111
44 111
45 111
45 112
46 112
46 113
47 113
48 114
49 114
49 115
50 115
51 116
52 116
52 117
53 117
54 117
54 118
55 118
55 119
57 119
58 119
59 119
60 119
61 119
62 119
63 119
63 118
43 28
42 27
42 26
41 26
40 26
39 26
38 26
38 27
38 28
38 29
38 30
39 30
39 31
39 32
39 33
39 34
39 35
40 35
40 36
40 37
40 38
41 38
41 39
41 40
41 41
42 41
42 42
42 43
42 44
42 45
42 46
43 46
43 47
43 48
43 49
43 50
44 50
44 51
44 52
44 53
45 53
45 54
45 55
45 56
46 56
46 57
46 58
46 59
47 60
47 61
47 62
48 63
48 64
48 65
48 66
49 66
49 67
49 68
48 68
48 69
47 69
47 68
46 68
46 67
45 67
45 66
45 65
45 64
44 63
44 62
44 61
43 61
43 60
43 59
43 58
42 58
42 57
42 56
41 56
41 55
41 54
40 54
40 53
40 52
40 51
39 51
39 50
39 49
39 48
38 48
38 47
38 46
38 45
38 44
37 44
37 43
37 42
37 41
36 41
36 40
36 39
43 29
43 30
44 30
44 31
45 31
45 32
45 33
45 34
46 34
46 35
46 36
46 37
46 38
47 38
47 39
47 40
47 41
48 41
48 42
48 43
48 44
49 44
49 45
49 46
50 46
50 47
50 48
51 48
51 49
51 50
51 51
52 51
52 52
52 53
52 54
53 54
53 55
53 56
53 57
53 58
54 58
54 59
54 60
55 60
55 61
55 62
55 63
56 63
56 64
57 64
57 65
58 65
59 62
60 61
61 61
62 61
62 60
63 60
59 61
58 61
58 62
58 63
58 64
61 60
63 61
61 65
62 65
64 64
63 65
61 66
62 66
63 66
64 65
63 67
64 66
65 66
64 67
65 67
63 68
64 68
65 68
64 69
65 69
65 70
66 69
66 68
66 70
67 70
68 70
69 70
68 69
67 69
51 29
51 28
50 28
49 29
49 30
50 30
50 31
49 31
49 32
50 29
51 30
50 32
50 33
50 34
51 36
51 35
52 35
52 34
52 33
52 32
52 31
52 30
51 31
51 32
51 33
53 32
53 31
51 34
52 38
52 37
52 36
53 34
53 33
54 33
54 34
54 35
54 36
54 37
54 38
53 38
53 39
53 40
53 41
54 41
54 42
54 43
54 44
54 45
53 42
53 37
53 36
53 35
55 44
55 45
55 43
55 42
55 41
55 40
55 39
55 38
55 37
54 39
54 40
55 46
55 47
55 48
55 49
56 51
56 52
56 53
56 54
56 59
59 59
58 59
58 58
57 57
57 56
57 55
57 54
57 53
57 52
57 51
56 50
56 49
56 48
56 47
56 46
56 45
56 44
56 43
56 41
56 42
56 40
57 47
57 48
57 49
58 49
58 50
59 50
59 51
60 52
60 53
60 54
61 55
61 56
61 57
61 58
60 58
60 57
59 57
58 57
62 58
62 57
59 58
59 56
58 56
58 55
58 54
59 54
60 55
60 56
59 55
58 53
57 50
58 51
58 52
59 53
59 52
60 51
61 54
59 49
59 48
59 47
58 48
58 47
58 46
57 46
57 45
57 44
57 43
57 42
58 44
58 45
64 40
63 40
63 41
63 42
64 41
64 42
63 43
62 43
65 41
65 42
64 43
64 44
63 44
65 43
66 44
65 44
65 45
64 45
64 46
65 46
66 46
66 45
67 46
67 47
67 48
67 49
68 49
68 50
69 50
69 51
70 52
70 53
70 54
70 55
70 56
71 56
71 57
71 58
71 59
71 60
72 60
72 61
72 62
72 63
72 64
72 65
72 66
73 67
73 68
73 69
73 70
73 71
74 71
74 72
74 73
74 74
74 75
74 76
75 77
75 78
75 79
75 80
75 81
76 81
76 82
76 83
76 84
76 85
76 86
77 86
77 87
77 88
77 89
77 90
77 91
78 92
78 94
78 95
79 97
79 99
80 100
80 102
80 105
80 106
80 108
80 110
80 111
81 112
81 113
80 114
80 115
80 116
80 117
79 117
79 118
78 118
77 118
77 119
76 119
75 119
74 118
73 117
72 116
71 114
70 112
69 110
69 108
68 105
68 100
68 99
68 96
68 95
68 94
69 93
70 93
71 93
72 94
73 95
73 96
73 97
73 98
73 99
73 100
72 100
72 101
69 102
67 103
66 103
64 102
62 101
57 97
56 96
56 95
55 93
55 92
55 91
55 90
56 90
56 89
57 88
58 88
59 87
60 87
61 87
61 88
59 88
57 89
55 89
53 89
52 89
50 89
49 88
47 87
45 86
45 85
44 85
44 84
44 82
45 82
45 81
46 80
47 79
48 78
49 78
50 77
51 77
52 77
52 78
53 78
52 79
52 80
51 80
50 81
49 81
48 82
47 82
46 82
44 81
44 80
45 79
46 79
46 78
49 77
53 77
54 78
55 78
55 79
55 80
55 81
55 82
55 83
55 85
54 86
54 87
53 87
52 88
51 88
50 88
49 87
48 86
48 85
49 85
50 84
51 83
52 82
54 81
57 81
58 81
59 81
60 82
60 83
61 83
61 84
61 85
60 86
58 89
57 90
54 90
52 90
51 90
49 89
48 88
48 87
51 84
52 83
53 83
56 82
58 82
59 83
60 84
59 89
58 90
57 91
56 92
54 92
53 92
52 92
50 92
49 92
47 91
46 91
45 90
45 89
45 88
45 87
46 85
47 84
48 84
50 83
54 82
58 83
60 85
60 90
58 93
57 94
55 95
54 96
53 97
51 97
49 96
47 95
47 94
46 93
46 92
48 91
49 90
51 89
53 88
55 88
56 88
61 91
62 92
62 93
62 95
62 96
61 97
60 98
59 99
58 99
57 100
56 100
54 100
52 99
51 98
50 97
50 96
50 95
51 94
52 93
56 91
62 90
64 90
65 91
66 92
67 93
68 101
67 102
65 104
64 104
62 104
60 104
59 104
58 103
57 102
57 101
56 101
57 99
58 98
60 97
62 97
69 97
70 97
71 98
72 99
73 102
73 103
73 104
73 105
73 107
72 108
71 109
70 109
68 110
66 110
64 109
61 107
60 106
59 105
61 103
62 102
63 102
65 102
66 102
68 102
69 103
71 104
72 105
73 106
73 108
73 110
73 111
73 113
72 114
71 115
67 116
66 116
65 115
64 115
63 114
62 113
61 112
62 111
63 110
65 109
66 109
67 109
68 109
69 109
70 110
71 111
72 112
73 115
74 117
74 119
74 120
73 121
73 122
73 123
72 124
71 124
70 124
69 123
68 122
68 121
68 120
69 120
70 120
71 120
72 120
73 120
75 121
75 122
75 123
74 123
74 124
76 123
77 123
78 123
79 123
79 122
79 121
80 120
80 119
79 116
79 115
81 114
82 114
82 113
83 113
83 114
83 115
84 115
84 116
84 117
85 117
85 118
86 119
86 120
87 120
87 121
88 122
88 123
88 124
89 124
89 125
89 126
90 126
90 127
91 127
91 128
92 129
92 130
93 130
93 131
92 131
89 132
88 132
87 132
86 132
86 133
85 133
85 134
84 134
76 136
75 136
73 137
71 138
70 138
69 139
65 140
66 140
67 140
66 139
67 139
65 139
68 139
68 138
69 138
67 138
66 138
68 137
69 137
66 137
65 137
67 137
65 138
70 137
71 137
72 137
72 136
73 136
74 136
75 135
76 135
77 135
78 135
79 135
79 134
80 134
81 134
80 135
81 135
82 134
82 133
83 133
84 133
84 132
85 132
83 132
83 134
87 133
89 131
90 131
91 131
88 131
87 131
90 130
89 130
88 130
86 131
85 131
84 131
87 130
86 130
83 131
88 129
87 129
85 130
84 130
83 130
82 130
82 131
91 130
90 129
89 129
89 128
88 128
88 127
88 126
90 125
90 128
91 129
89 127
87 128
86 128
85 128
85 129
84 129
86 129
87 127
86 127
84 128
83 128
82 129
81 129
81 130
83 129
85 127
84 127
82 128
81 128
80 129
86 126
88 125
91 124
87 125
86 125
85 126
84 126
83 127
87 126
82 127
83 126
81 127
84 125
85 125
82 126
80 128
79 128
79 129
83 125
85 124
86 124
87 124
86 123
86 122
86 121
87 119
87 122
87 123
85 121
85 122
84 122
83 123
83 124
82 124
81 125
84 123
85 123
84 124
80 126
79 127
78 128
77 129
78 129
80 127
81 126
82 125
78 127
77 128
79 126
78 130
77 130
76 130
79 130
80 130
78 131
77 131
76 132
77 132
79 131
78 132
79 132
80 131
81 131
80 132
78 133
77 133
81 132
79 133
78 134
77 134
80 133
81 133
82 132
76 134
74 135
73 135
72 135
71 135
70 135
71 134
70 134
69 134
69 133
68 133
68 132
68 131
68 129
68 128
69 127
69 126
70 125
72 122
74 121
75 120
73 124
72 125
71 126
70 126
68 126
68 125
67 124
67 122
69 119
70 118
71 116
72 115
73 114
74 114
75 114
75 115
75 116
74 116
73 118
72 118
71 118
67 118
66 117
65 116
65 114
64 113
64 111
64 108
65 106
66 101
58 95
51 86
49 83
49 82
48 81
51 85
52 86
52 87
53 90
54 93
56 94
57 96
58 96
58 97
54 88
54 85
54 84
55 84
56 84
59 85
62 88
64 92
64 93
64 94
64 95
63 96
61 95
59 93
58 92
55 86
57 84
58 84
59 84
63 86
64 86
64 87
65 89
65 92
65 93
63 93
61 93
60 92
58 91
56 87
57 83
63 85
64 85
66 89
66 90
66 91
65 94
63 94
62 94
60 94
57 92
53 86
53 85
53 84
53 82
56 81
57 82
62 85
63 87
64 88
64 91
60 93
57 86
58 86
66 87
67 88
68 89
68 91
68 92
66 96
65 90
67 92
68 93
69 99
69 101
63 105
60 105
58 104
57 103
55 102
53 98
53 96
54 95
59 94
61 94
65 95
69 98
71 103
71 105
70 106
68 107
66 106
64 105
59 101
58 100
57 98
56 97
66 94
69 96
71 99
72 103
72 104
71 106
70 107
68 108
67 108
65 108
62 107
58 106
57 105
56 104
56 103
56 102
58 101
60 100
65 101
70 104
72 107
72 109
72 110
71 110
70 111
69 111
67 110
65 110
59 106
56 99
73 112
71 117
70 117
69 117
63 115
59 113
57 112
55 110
52 106
51 104
51 103
52 102
52 101
54 101
55 101
61 102
63 103
67 106
71 113
72 117
71 119
70 119
69 118
67 117
65 117
60 112
58 110
56 107
55 105
54 102
55 99
64 101
69 106
70 108
73 116
68 117
61 113
59 111
57 109
55 107
55 106
54 104
54 103
55 103
66 108
70 113
74 126
73 127
72 127
71 127
66 124
64 122
62 120
59 117
58 115
56 112
55 109
55 108
58 107
60 107
61 108
68 111
75 117
78 121
79 124
79 125
76 126
75 126
70 123
65 119
62 116
59 109
59 103
65 100
67 100
74 108
74 109
74 110
74 111
72 111
61 96
63 88
67 84
69 84
70 84
71 84
73 84
74 85
75 86
76 87
72 83
71 82
71 81
70 80
70 79
71 79
72 79
72 80
73 80
74 81
75 82
76 88
75 88
74 88
73 88
72 88
71 88
68 87
67 86
63 84
62 83
62 82
62 81
63 81
64 81
65 81
66 81
67 81
69 82
70 83
70 85
71 87
70 89
69 92
57 93
54 89
52 85
52 81
53 80
54 80
56 80
56 93
51 91
50 91
49 84
62 86
62 87
51 87
49 80
50 78
52 76
53 75
56 73
57 72
60 72
61 72
62 72
64 73
67 75
68 77
68 79
67 82
66 83
64 84
54 79
54 77
55 76
56 76
57 76
59 76
61 77
62 77
64 78
65 79
65 80
66 80
66 82
56 83
56 77
58 77
60 77
63 77
64 77
66 78
67 79
67 80
67 83
67 85
61 90
50 85
51 78
61 76
65 78
66 79
65 82
58 87
55 87
52 84
54 83
60 80
62 80
64 80
66 84
56 85
53 93
49 94
48 95
49 95
51 95
53 94
57 95
55 96
52 96
48 98
47 98
46 98
49 98
52 98
56 98
54 99
52 100
51 100
50 100
49 100
49 101
50 101
51 101
55 100
61 101
58 102
61 105
57 106
54 106
51 106
54 107
62 109
61 109
56 109
54 109
54 110
56 110
57 110
59 110
61 111
63 111
64 112
65 112
66 112
63 112
58 111
57 111
60 111
67 112
69 113
72 113
68 113
67 113
66 113
65 113
69 114
70 114
76 117
76 118
75 118
68 118
66 118
65 118
64 118
66 119
67 119
69 121
70 121
71 122
71 123
68 123
66 122
74 125
75 125
77 127
76 127
76 128
75 128
74 128
73 128
72 128
74 127
75 127
76 131
75 132
74 132
73 132
74 133
73 133
72 134
73 134
74 134
75 133
76 133
75 134
71 136
70 136
69 136
68 136
64 137
64 136
65 136
66 136
67 136
65 135
66 135
67 135
67 134
68 134
70 133
68 135
69 135
64 135
65 134
66 134
71 133
72 133
72 132
74 131
75 131
75 130
81 124
76 129
74 130
73 131
71 132
75 129
73 130
71 131
70 132
69 132
74 129
72 131
70 131
72 130
73 129
72 129
71 130
77 126
78 126
78 125
71 129
76 125
77 125
73 126
71 128
70 128
77 124
76 124
73 125
72 126
69 128
69 129
70 129
68 130
67 130
69 130
67 131
66 131
66 132
70 130
69 131
67 132
67 133
66 133
64 134
64 133
63 133
63 132
63 131
62 131
62 130
62 129
62 128
62 127
61 127
61 126
60 125
60 124
60 123
60 122
59 122
59 121
59 120
59 123
58 123
58 122
58 121
58 120
58 124
59 127
60 128
60 129
60 130
61 130
61 131
62 132
62 133
63 134
61 129
61 128
60 127
60 126
59 124
59 126
59 125
63 129
63 130
64 130
64 131
65 131
65 132
65 133
64 132
62 126
62 125
61 124
61 123
57 118
57 117
58 118
60 120
60 121
61 121
62 122
62 123
63 123
63 124
64 124
63 122
61 122
57 120
57 121
62 124
63 125
64 126
65 126
65 127
65 128
64 128
63 128
63 127
61 125
64 129
65 130
65 129
63 126
64 127
66 128
66 129
65 124
66 125
66 126
67 126
67 127
66 127
67 129
66 130
65 123
64 123
67 125
68 127
67 128
65 125
64 125
70 127
69 125
67 121
64 116
55 94
33 35
33 36
33 37
33 38
33 39
32 39
32 38
32 37
32 40
32 41
32 42
33 41
33 40
34 40
34 39
34 41
34 42
33 42
35 40
35 41
35 42
35 43
34 43
34 44
33 43
33 44
33 45
33 46
33 47
33 48
34 46
34 45
35 44
36 43
36 42
36 44
36 45
36 46
36 47
35 47
35 48
35 49
34 47
35 45
35 46
34 48
34 49
34 50
34 51
34 52
36 48
37 47
37 46
37 45
37 48
37 49
36 49
35 50
35 51
35 52
35 53
35 54
35 55
36 54
36 53
36 52
37 52
37 51
37 50
38 49
36 50
36 51
38 51
38 50
38 52
38 53
38 54
38 55
39 55
39 56
39 57
39 58
39 59
39 60
40 60
40 61
40 62
40 63
41 63
41 64
41 65
42 66
42 67
42 68
42 69
43 69
43 70
43 71
44 72
44 73
44 74
45 74
45 75
45 76
43 72
42 70
41 68
41 67
40 66
40 65
39 64
39 63
39 62
38 62
38 61
38 60
38 59
37 59
37 58
37 57
37 56
37 55
37 54
36 55
36 56
36 57
37 53
38 56
38 57
38 58
36 58
36 59
36 60
37 60
37 61
37 62
37 63
38 63
36 62
36 61
37 64
37 65
37 66
38 66
38 67
38 68
38 69
38 70
38 71
37 67
38 65
38 64
39 65
39 66
39 67
39 61
39 54
39 53
39 52
40 57
40 58
41 58
41 59
41 60
41 61
42 61
42 62
42 63
41 62
41 57
40 56
40 55
40 59
42 59
42 60
42 64
40 64
43 62
43 63
43 64
43 65
43 66
44 66
44 67
44 68
44 69
44 70
45 70
46 70
46 69
45 69
45 68
44 65
44 64
42 65
41 66
40 67
40 68
40 69
40 70
40 71
40 72
40 73
40 74
40 75
40 76
40 77
40 78
40 79
40 80
40 81
40 83
40 84
40 85
40 86
40 87
40 88
40 89
40 90
40 92
40 93
40 94
40 95
41 96
41 97
41 98
41 99
41 100
40 91
40 82
39 68
39 69
39 70
39 71
39 72
39 73
39 74
39 75
39 76
39 77
39 78
39 79
39 80
39 81
39 82
39 83
40 96
40 97
39 97
39 96
39 95
39 94
39 93
39 92
39 91
39 90
39 89
39 88
39 87
39 86
39 85
39 84
40 98
40 99
39 99
38 99
35 96
34 95
33 94
32 93
31 93
31 92
31 91
30 91
30 90
30 89
29 89
29 88
29 87
29 86
28 86
28 85
27 85
26 85
26 84
25 84
24 84
24 83
23 83
22 83
22 82
21 82
20 82
20 81
19 81
18 81
18 80
17 80
16 80
15 80
16 79
17 79
18 79
19 79
20 80
19 80
21 80
17 81
16 81
15 81
15 82
16 82
16 83
17 83
17 84
18 84
19 84
20 85
21 85
21 86
22 86
22 87
23 87
23 88
24 88
24 89
25 89
25 90
25 91
25 92
24 91
24 90
26 92
26 93
27 93
28 94
29 95
29 94
29 93
28 93
28 92
27 92
27 91
27 90
26 90
26 89
25 88
24 87
23 86
22 85
21 84
20 84
20 83
19 83
19 82
18 82
17 82
18 83
21 83
23 84
23 85
24 85
24 86
23 89
22 84
23 81
23 82
22 81
21 81
24 82
25 83
27 84
27 86
28 87
28 88
31 90
32 92
32 94
33 95
34 96
33 96
31 89
30 88
30 87
32 91
33 93
29 91
29 90
28 90
28 89
27 89
27 88
26 88
26 87
25 87
25 86
25 85
26 86
27 87
26 91
28 91
29 92
30 93
30 92
31 94
30 94
32 95
31 95
31 96
30 96
30 95
32 96
32 97
31 97
33 97
34 97
35 97
32 98
33 98
34 98
35 98
34 99
35 99
38 98
39 98
33 99
33 100
34 100
35 100
36 100
37 100
38 100
40 100
39 100
39 101
38 101
37 101
36 101
35 101
34 101
40 101
41 101
42 101
43 102
42 102
41 102
40 102
39 102
38 102
37 102
36 102
35 102
38 103
37 103
36 103
39 103
40 103
41 103
42 103
43 103
44 103
38 104
37 104
38 105
39 105
39 106
40 106
41 107
42 108
43 109
44 110
46 111
47 112
48 113
51 115
55 117
53 116
52 115
50 114
39 104
40 104
41 104
41 105
42 105
42 106
43 106
44 107
45 107
45 108
46 108
46 109
47 109
47 110
48 110
48 111
49 111
50 111
50 112
51 112
51 113
52 113
52 114
53 114
53 115
54 115
54 116
51 114
50 113
49 113
48 112
47 111
46 110
45 109
44 108
43 107
40 105
41 106
42 107
43 108
49 112
45 110
44 109
44 106
45 106
44 105
43 105
43 104
42 104
45 105
46 106
47 106
47 107
48 107
49 108
50 109
51 109
51 110
52 110
52 111
51 111
50 110
49 110
48 109
46 107
47 108
49 109
52 112
53 112
53 113
48 108
44 104
45 104
46 105
48 106
49 106
50 107
51 107
52 107
52 108
52 109
51 108
47 105
50 108
49 107
44 102
45 102
46 102
47 102
47 103
48 103
49 103
50 103
50 104
49 104
48 104
47 104
50 106
48 105
49 105
50 105
51 105
46 104
52 105
52 103
46 103
45 103
52 104
54 105
49 102
48 101
47 101
46 101
45 101
44 101
43 101
48 102
50 102
51 102
43 100
42 100
44 100
45 100
46 100
47 100
47 99
46 99
45 99
44 99
43 99
42 99
48 99
49 99
50 99
51 99
45 98
44 98
43 98
42 98
47 97
48 97
49 97
46 97
45 97
44 97
43 97
42 97
44 96
43 96
42 96
42 95
41 95
41 94
41 93
41 92
41 91
41 90
41 89
41 88
41 87
42 86
42 85
42 84
42 83
42 82
42 81
42 80
42 79
42 78
42 77
42 76
42 75
42 74
41 73
41 72
41 71
41 70
41 69
41 75
41 78
41 81
41 84
41 79
41 77
42 88
42 91
42 93
42 87
43 80
43 78
43 77
44 77
44 78
44 79
44 83
44 86
44 88
44 89
44 90
44 91
44 92
43 90
43 88
43 86
45 78
45 80
45 83
45 84
44 87
44 76
44 93
43 95
43 94
43 93
43 92
43 91
45 92
45 94
45 95
46 95
47 89
48 83
48 89
47 92
47 93
46 94
47 90
45 96
46 87
47 88
46 90
45 93
48 94
51 96
55 97
59 100
62 103
62 106
62 108
61 110
61 114
60 116
59 118
59 116
59 115
59 114
58 116
57 116
57 115
58 114
60 113
60 114
58 113
57 113
57 114
61 117
61 118
63 120
60 117
60 115
61 115
68 119
67 120
62 117
64 120
66 121
69 124
65 122
66 123
67 123
64 121
63 121
65 121
78 124
80 125
86 118
86 117
85 116
85 115
85 114
84 114
84 113
84 112
83 112
83 111
82 110
82 109
81 109
81 108
81 107
81 106
81 105
81 104
81 103
81 102
81 101
81 100
81 99
81 98
81 97
81 96
81 95
81 94
81 93
81 92
80 92
80 91
80 90
80 89
79 89
79 88
79 87
78 87
78 86
78 85
77 84
77 83
77 82
77 81
76 80
76 79
76 78
76 77
75 76
75 75
75 74
72 67
71 64
71 63
71 62
71 61
70 60
70 59
70 58
70 57
69 55
69 54
69 53
68 53
68 52
68 51
68 48
68 47
66 48
66 47
65 47
65 48
65 49
65 50
65 51
66 52
67 53
67 54
67 55
67 56
68 56
68 57
68 58
68 59
68 60
69 60
69 61
69 62
69 63
70 65
70 66
70 67
70 68
71 69
71 70
71 71
71 72
71 73
70 74
70 75
69 75
68 75
65 75
67 74
68 74
69 74
69 73
70 73
68 73
67 73
67 72
68 72
69 72
70 72
70 71
69 71
68 71
67 71
66 72
66 71
71 74
71 75
71 76
72 76
72 77
72 78
72 81
72 82
72 84
73 85
73 86
73 87
74 90
74 91
74 92
74 93
74 94
74 95
74 96
74 97
74 98
74 99
75 100
75 103
75 104
75 106
76 107
76 108
76 109
77 109
77 110
78 110
78 111
78 112
78 113
79 114
80 118
80 121
81 121
81 122
81 123
82 123
82 122
82 121
83 121
83 120
83 119
83 118
82 118
82 117
81 117
81 116
82 116
83 117
84 118
85 119
85 120
84 121
83 122
80 122
80 124
80 123
82 120
81 120
77 121
76 121
78 120
79 120
81 119
78 122
84 120
77 122
76 122
75 124
74 122
71 125
72 123
68 124
69 122
70 122
71 121
72 121
72 119
73 119
76 120
77 120
78 119
79 119
82 119
84 119
81 118
83 116
81 115
82 115
82 112
82 111
81 110
81 111
82 99
82 98
82 97
82 96
82 100
82 101
82 95
81 91
81 90
82 90
81 89
81 88
80 88
80 87
79 86
69 49
70 51
69 52
67 50
66 50
66 51
66 53
66 49
67 52
67 51
66 54
67 57
68 55
68 54
69 56
69 57
71 55
71 54
72 59
69 58
69 59
70 61
71 65
71 66
71 67
71 68
72 69
72 70
72 71
72 73
73 74
73 75
73 76
73 77
74 78
74 79
74 80
74 82
74 83
74 84
75 85
75 87
75 89
76 90
76 91
76 92
76 93
76 94
76 95
77 97
77 98
77 99
77 100
77 101
77 104
77 105
77 106
77 107
77 108
78 114
78 115
78 116
78 117
79 113
79 112
79 110
79 109
79 108
79 107
79 106
79 105
79 104
79 103
79 102
79 101
79 100
79 98
79 111
80 109
80 112
80 113
79 96
79 93
79 90
79 91
78 96
78 97
78 99
77 96
78 93
78 91
76 105
76 103
76 101
76 100
76 99
76 98
75 108
75 110
75 112
75 113
75 111
75 109
75 107
75 98
75 96
75 94
75 93
75 92
75 95
75 102
75 99
75 97
76 106
76 110
76 113
76 114
74 113
74 112
74 107
66 115
65 111
64 110
62 110
60 110
58 109
59 108
59 107
66 100
71 95
73 94
71 94
63 95
60 95
59 95
61 92
63 92
67 90
69 89
71 89
74 87
72 89
69 91
67 94
62 91
68 85
73 60
73 61
74 63
74 64
74 65
75 66
75 67
75 68
76 69
76 70
76 71
76 72
77 72
77 73
77 74
77 75
78 76
78 77
78 78
78 79
79 79
79 80
79 81
80 81
80 82
81 83
81 84
81 85
81 87
81 86
80 80
79 78
79 77
78 75
76 73
75 71
75 70
75 69
74 69
74 68
74 67
74 66
73 63
73 62
73 64
73 65
73 66
74 70
75 72
75 73
76 74
76 75
77 76
77 78
77 79
77 80
78 81
78 82
79 83
79 84
79 85
80 85
80 86
80 84
79 82
77 77
72 58
70 62
70 63
70 64
72 68
76 115
77 114
77 115
77 117
77 116
77 113
77 112
77 111
76 116
78 104
78 103
78 102
78 101
78 100
78 98
79 95
79 94
79 92
80 94
80 96
80 97
80 98
80 99
82 93
82 92
82 91
82 94
80 93
80 101
80 103
80 104
80 107
80 95
80 83
79 76
78 74
77 85
76 96
74 100
71 96
70 77
72 75
72 85
69 100
65 103
64 103
63 101
63 99
67 91
66 98
63 104
60 96
69 81
71 80
75 83
75 84
63 90
57 85
56 79
57 77
57 75
58 74
58 73
59 73
60 73
61 73
59 74
56 75
60 76
58 76
53 79
51 81
57 80
59 79
61 79
62 79
63 79
63 78
60 79
59 80
51 82
66 88
71 90
72 90
73 91
72 91
71 91
70 91
71 92
73 92
77 92
72 93
72 95
69 95
70 95
75 90
75 91
68 84
69 80
70 81
74 89
74 102
74 103
70 101
69 90
72 86
68 90
71 78
72 92
72 96
72 98
69 76
70 76
70 78
71 86
72 72
72 74
73 78
74 86
73 90
73 82
77 95
77 93
78 88
78 89
78 84
78 83
78 80
78 90
78 106
78 107
78 108
78 109
78 105
74 77
76 97
74 105
74 104
73 89
73 93
72 87
73 72
73 73
73 79
73 83
73 81
71 77
76 76
76 89
77 94
76 112
76 111
73 109
71 112
69 94
68 104
67 99
67 97
67 89
67 87
68 86
68 88
68 98
66 97
63 113
62 114
64 119
60 118
59 112
58 112
62 112
63 116
63 117
56 114
56 113
63 109
55 112
55 113
56 115
61 120
65 120
62 121
66 120
62 118
66 114
68 114
69 115
68 115
61 116
64 114
67 115
68 116
69 116
70 116
70 115
74 115
68 112
67 111
66 111
62 115
58 117
64 117
67 114
69 112
70 98
59 102
54 91
49 86
47 83
50 80
50 79
51 76
52 75
53 74
54 74
55 74
56 74
57 74
58 75
60 78
61 80
61 81
61 82
58 80
63 76
64 76
65 76
65 77
61 78
62 78
59 78
58 78
62 76
59 77
57 78
56 78
62 75
55 77
61 75
63 74
64 74
65 74
62 74
61 74
60 74
63 73
55 75
59 75
60 75
54 75
54 76
63 75
64 75
66 77
68 78
69 78
64 79
63 80
60 81
50 90
49 91
50 93
52 94
52 95
52 97
48 96
47 96
44 94
43 89
42 89
41 76
41 74
41 82
41 83
41 85
41 86
42 94
42 92
42 90
46 96
44 95
48 100
50 98
55 98
54 98
54 97
65 97
62 99
71 97
72 97
71 100
71 101
72 102
70 105
71 108
68 106
67 101
65 107
63 107
60 109
60 108
56 106
61 106
58 105
57 104
55 104
57 108
56 108
56 111
55 111
54 108
58 108
57 107
56 105
63 108
64 106
66 86
59 86
48 92
49 93
50 86
59 82
57 79
58 79
58 85
51 75
51 74
52 74
52 73
53 73
53 72
53 71
53 70
52 69
52 68
52 67
51 67
51 66
50 65
50 64
49 64
49 65
40 27
39 27
39 28
39 29
40 28
41 27
41 28
41 29
40 29
40 30
42 28
42 29
41 30
41 31
40 32
40 31
42 31
42 30
42 32
41 32
41 33
41 34
40 34
40 33
43 32
43 31
43 33
42 33
42 34
42 35
41 35
41 36
44 33
44 32
43 34
43 35
42 36
41 37
44 35
44 34
43 36
42 37
44 36
45 35
43 37
43 38
42 38
42 39
44 37
45 37
45 36
44 38
43 39
42 40
43 40
44 39
45 39
45 38
46 39
46 40
45 40
45 41
44 41
43 41
43 42
44 40
44 42
43 43
43 44
43 45
44 45
44 44
44 43
45 43
45 42
46 42
47 42
46 41
46 43
46 44
46 45
45 45
45 46
44 46
44 47
47 44
47 43
45 44
47 45
47 46
46 46
46 47
45 47
44 48
44 49
45 50
45 49
46 49
45 48
46 48
47 48
47 47
48 47
48 46
48 45
49 47
49 48
49 49
49 50
50 50
50 51
51 52
51 53
51 54
51 55
51 56
52 56
52 57
52 58
52 59
53 59
53 60
53 61
54 61
54 62
54 63
55 64
55 65
56 65
56 66
56 67
56 68
57 68
57 69
57 70
58 70
59 70
59 71
60 71
61 71
63 72
62 73
64 72
63 71
62 71
61 70
62 70
62 69
61 69
60 69
59 69
59 68
60 68
58 68
58 67
59 67
57 67
57 66
58 66
50 49
52 55
50 53
49 53
49 52
48 51
48 50
47 50
47 49
48 48
48 49
47 51
46 51
45 52
45 51
46 50
46 52
47 52
49 51
48 52
47 53
46 53
48 53
47 54
48 54
49 54
49 55
48 55
47 55
50 54
46 54
46 55
50 52
48 56
47 56
50 55
49 56
48 57
47 57
47 58
48 58
49 57
50 57
50 56
49 58
48 59
47 59
49 59
50 58
51 57
50 59
49 60
48 60
48 61
51 59
51 58
50 60
49 61
48 62
49 62
50 61
51 60
52 60
51 61
50 62
49 63
50 63
51 62
52 61
52 62
51 63
51 64
52 64
52 65
52 66
53 68
53 69
54 70
54 71
54 72
54 73
53 76
48 77
48 76
47 76
46 76
48 75
50 74
50 75
49 76
47 77
47 78
46 77
45 77
43 76
43 75
43 74
42 73
42 72
42 71
43 68
43 67
43 73
45 73
44 75
43 79
41 80
43 81
46 84
47 86
46 88
43 82
43 84
43 83
43 85
43 87
50 87
57 87
63 91
53 95
54 94
50 94
48 93
51 93
45 91
51 92
52 91
53 91
59 91
60 91
66 93
69 88
70 86
71 85
69 77
66 76
64 82
68 83
71 83
70 82
63 82
66 85
70 87
68 76
69 79
55 72
52 71
51 70
50 70
49 70
49 69
48 70
52 70
55 70
56 70
57 71
56 71
55 71
51 73
50 73
49 74
48 74
47 74
47 75
46 75
55 73
46 74
46 73
47 73
47 72
48 72
49 72
46 72
45 72
50 72
46 71
45 71
44 71
47 71
48 71
49 71
47 70
50 71
51 71
52 72
51 72
56 86
46 89
48 90
46 86
47 85
46 83
46 81
47 81
48 80
49 79
48 79
47 80
51 79
53 81
50 82
50 76
49 75
48 73
49 73
51 69
51 68
50 67
50 66
50 68
50 69
51 65
52 63
53 62
53 63
53 64
53 65
53 66
53 67
54 67
54 66
54 65
54 64
54 68
54 69
55 69
55 68
55 67
55 66
56 72
56 69
57 73
58 72
58 71
59 72
58 69
60 70
61 68
